ASSEMBLY_ID,THREAD_ID,BLANK
