TRIAL_ID,EXPT_ID,DESCRIPTION,NAME,BLANK
